000251
000303
000522
000638
000754
000892
001045
001086
001147
001262
001290
001322
001333
001426
001557
001580
001763
001910
001931
001963
001988
002015
002088
002266
002444
002471
002613
002652
002690
002727
002889
002897
003009
003078
003133
003267
003367
003492
003555
003589
003740
003876
004014
004039
004271
004343
004588
004850
004968
005054
005133
005213
005239
005245
005286
005294
005356
005434
005448
005528
005571
005598
005622
005677
005692
005771
005800
005822
006189
006210
006303
006362
006467
006511
006528
006608
006623
006659
006761
006785
006957
006997
007016
007018
007157
007294
007369
007375
007406